   265041.0000000000        0.0000000000        0.0000000000      -27.3928614607        9.8022681653
     9145.9972891377    -4947.7944950583      -28.1268017388      -26.4563788974        7.8957972260
     4917.4070636516    -8169.1956704241      -28.8798269739      -37.6417315687        5.9770385781
     -251.1192178153    -8230.5667401065      -30.1536254694      -33.9422266372        4.0520015186
    -7356.1994331796    -3608.5577757067      -30.1967480525      -45.3507836678        2.1266913795
    -3218.5848586792     7103.1583428356      -30.6262150384      -46.8598848961        0.2070988712
     8529.6842322103     8741.4082151882      -26.7295124016      -51.4616679248       -1.7008296346
    17438.8916907971      141.5643824271      -23.6355974413      -56.1478767598       -3.5912051401
    22151.9471487479   -12434.0567266097      -20.3685467965      -59.9099436958       -5.4582182287
    14067.3669690704   -32511.0917684106      -17.4803018896      -64.7389149204       -7.2961594106
    -7831.1216919090   -41785.3990649386      -15.8958481060      -68.6255904885       -9.0994351871
   -32704.8771734175   -37097.1635675890      -14.5820366662      -74.5604509968      -10.8625902472
   -53206.7408040458   -18378.3785930089      -13.4574197469      -81.5337478992      -12.5803192696
   -62689.9972010916    10926.2971275821      -12.3923332968      -89.5354531640      -14.2474957893
   -54685.9238639484    44258.7075967642      -11.5207501968      -85.5553721018      -15.8591735744
   -29004.2451720856    70333.0036212302      -10.8409927852      -99.5830939684      -17.4106176631
     7819.1835232674    80810.8673895419      -10.2763949992     -100.6080949884      -18.8972989842
    46533.4834687047    71782.5496583844       -9.8222781176     -108.6196380313      -20.3149503432
    77412.3286435840    44928.9738391007       -9.4292414068     -109.6069670625      -21.6595244498
    92803.2936111149     5911.3935315190       -9.0974078147     -129.5592078586      -22.9272508248
    88984.6598705469   -36600.3344387125       -8.8011578731     -156.4654736347      -24.1146167702
    66374.8988268309   -73729.9223833614       -8.5355473622     -169.3148182871      -25.2184150466
    29615.2344042436   -98141.0714578246       -8.2507580575     -173.0963546922      -26.2357084627
   -15916.7970147206  -105091.9012748947       -7.9363792444     -108.7992089843      -27.1638793297
   -61284.7077182433   -90750.5041353688       -7.6775371936     -123.4126185610      -28.0005948874
   -96393.2168108939   -57321.1456175860       -7.4703642454     -204.9258646688      -28.7438814851
  -114599.5198968496   -11753.9614415450       -7.2371574652     -326.3284232986      -29.3920434979
  -111895.4895391793    39051.0995682451       -6.9908616828     -477.6098986341      -29.9437384913
   -86913.1406350206    85044.5146397139       -6.7676180780     -468.7601167091      -30.3979275952
   -43527.2684480683   116426.6484699273       -6.5770361049     1056.2309132997      -30.7539403164
    10488.7108192342   126428.3748040506       -6.3995815892     4461.3728927362      -31.0113999937
    64248.3018911181   111799.8799558233       -6.2581072547    11129.6752711091      -31.1702898597
   106959.6906842976    74904.2138444421       -6.1487584362    20314.1471522499      -31.2308733315
   130032.3916278262    22952.8295224839       -6.0519781303    24609.7973851965      -31.1938431141
   128893.9306029461   -34174.4036479915       -5.9665686885    11987.6343827682      -31.0601138311
   103365.1500549836   -85776.9406714748       -5.9034053464    -6372.3337874216      -30.8309707014
    58435.2181170631  -122069.1357656636       -5.8380619091   -23392.0994860498      -30.5079768492
     2255.2519089914  -136216.9750695606       -5.7804463043   -32649.6554755539      -30.0930513705
   -54919.2146391118  -125807.0641155713       -5.7146368625   -23376.9949974999      -29.5883602648
  -103157.4758635973   -92184.2537373616       -5.6469777075   -12740.1117471173      -28.9963951483
  -133249.4845535508   -41128.4126478929       -5.5777414609    -3074.9999299644      -28.3198794912
  -139198.7457803539    18437.4986356289       -5.5180219908     1983.3457686952      -27.5618830383
  -119422.6304065635    75524.8368181558       -5.4634015415     3643.9301087390      -26.7256518358
   -77031.3130573142   119366.1360358834       -5.4165982036     3014.7573253011      -25.8147226892
   -19886.8200634014   141053.3246423195       -5.3931141398     1436.8310885956      -24.8328201203
    41417.8396798548   136520.2203100765       -5.3799325210     1152.1545150834      -23.7839420128
    94836.7334901320   106517.0786779826       -5.3827743617     1454.7301323877      -22.6722270407
   130695.6389006841    57000.6880027415       -5.3847959152     1490.5598893868      -21.5020403361
   142696.7519229079    -3183.8338416870       -5.3758180057     1322.6451369885      -20.2778543329
   128069.7519464378   -63218.6544171486       -5.3702874961     1473.9866342235      -19.0044052084
    89016.9688602850  -111338.7626491565       -5.3869513527     1873.5845313685      -17.6864500545
    32963.5832505228  -138000.5450613570       -5.4276620507     2121.4383762398      -16.3289228724
   -28778.0214233064  -137935.2033923891       -5.4877165573     2072.5471139331      -14.9368121593
   -84076.4378783585  -111378.6613741166       -5.5716976157     1937.9090808608      -13.5152473558
  -121992.3212899747   -63911.3767772891       -5.6863227496     1640.5220189568      -12.0693583339
  -135453.9846058831    -5621.9966406541       -5.8229505815     1250.3830686034      -10.6043612662
  -122644.5559905010    51627.1858125104       -5.9847982522      796.4887918015       -9.1254450828
   -87221.5371276710    96850.7711545188       -6.1649234768      644.8351488297       -7.6378897393
   -37055.2647824995   121926.3865037716       -6.3606319397      725.4175498570       -6.1468770112
    17740.9326840641   123093.2559851469       -6.5722873177      953.2308311004       -4.6576080553
    66349.9713617260   101221.7754332983       -6.8084285452     1072.2692969624       -3.1751932601
    99632.4722201033    61851.4695966748       -7.0825287544     1033.5266968788       -1.7047324908
   112556.5127936888    14253.6820873677       -7.3697550245      828.9962880651       -0.2511839295
   105108.8925139425   -32592.7578359367       -7.6347598547      491.6708111907        1.1805568043
    79950.9505547313   -71078.1153511740       -7.8803867357      271.5425642012        2.5857806334
    42246.4873170400   -95066.0357312265       -8.1230587851      187.6033092556        3.9597729603
     -835.8537827066  -101309.3686930922       -8.3529734300      184.8444483534        5.2981111853
   -41647.0725248591   -89442.6782271697       -8.5831375220      179.2569309800        6.5964725238
   -73122.8824595041   -62412.4475474776       -8.8084749250      106.8313427963        7.8507490093
   -90071.1211922321   -25555.0541897218       -9.0383121283      -15.4421330197        9.0569797739
   -90006.4280639724    14067.2175477395       -9.2759807137      -88.5736129352       10.2114570085
   -73720.6234193469    49056.4179194429       -9.5224013249     -149.5735529606       11.3106598274
   -44827.5788064266    73308.1735170746       -9.7835795439     -199.4526552142       12.3513326637
    -9456.3080232431    82794.3674890689      -10.0499583172     -246.2219385846       13.3304033220
    25508.8655275756    76386.9351956304      -10.3467153744     -274.8925832436       14.2451056836
    53576.7361705608    56382.7939022206      -10.6490763927     -257.4760022040       15.0928990079
    69778.3852174622    27313.8355384536      -10.9727105220     -214.9837382053       15.8715323488
    71729.3835901859    -4779.4123709325      -11.3330805060     -168.4275146614       16.5789941795
    60270.3676005188   -33216.4245049188      -11.7122836176     -145.8191073507       17.2135816392
    38850.5173865078   -53103.4197852474      -12.1020484083     -136.1703966314       17.7738520942
    12125.3145446492   -61500.9418793455      -12.5230108631     -140.4932495166       18.2586726381
   -14114.4678506573   -57779.3526156423      -12.9790858431     -142.7996340128       18.6671530726
   -35150.9554562671   -44175.6537460361      -13.4323342322     -145.1013967429       18.9987350464
   -47667.9793422746   -24195.4690637368      -13.9061602641     -141.4103782404       19.2531258968
   -50625.0738979406    -2213.5908863522      -14.3706525116     -138.7382926546       19.4303325146
   -44595.8654422584    17847.3641944127      -14.8351836327     -139.0967866684       19.5306310427
   -31635.7237719906    32851.5731583352      -15.2855341785     -151.4973037859       19.5545942261
   -14572.3852968045    40809.0523876193      -15.7299224482     -152.9511444621       19.5030632681
     3289.1651393050    41072.6523036862      -16.1674435808     -149.4693541858       19.3771592855
    18911.3029991893    34340.4093593014      -16.5998020261     -136.0628144281       19.1782596968
    29838.5135601548    22386.3099368019      -17.0314797962     -112.7420653308       18.9080107789
    34576.1590677214     7669.1001168771      -17.4821574256      -82.5173978694       18.5683056810
    32920.6024789475    -6901.9132297137      -17.9300899895      -58.3987467294       18.1612807555
    25780.6692485558   -18901.5376012435      -18.3721303595      -53.3957523487       17.6893056874
    14769.8382569768   -26374.5302410952      -18.8579209440      -62.5176359907       17.1549708158
     2464.6711779448   -28371.4929093032      -19.3759658618      -75.7732628192       16.5610794898
    -8882.6174528588   -25294.9144530003      -19.9005818087      -93.1710302492       15.9106253263
   -17350.6882689602   -18233.8704688846      -20.4486550802      -96.7190105484       15.2068069466
   -21827.1491200837    -9063.7720250459      -20.9954353866      -89.4247154192       14.4529766323
   -22147.0587548044      463.0883805183      -21.5580416849      -84.2952402962       13.6526558024
   -18895.8571482484     8710.4361977348      -22.1021334083      -58.3371631413       12.8095009253
   -13080.4781644155    14591.2667178228      -22.6229040473      -52.5566048604       11.9273121368
    -5876.8280317661    17484.0887814754      -23.1485292009      -37.9591301997       11.0099887578
     1436.1177972641    17357.7731624347      -23.6467536128      -34.5498088751       10.0615400426
     7793.8043259032    14608.6670947080      -24.0862751227      -40.3331425669        9.0860416931
    12295.6950968584     9850.2121983967      -24.5180545164      -51.3131443667        8.0876638428
    14334.6685723022     3913.5171747215      -25.0263031946      -49.4932240600        7.0705982833
    13995.6151936831    -1992.8187806852      -25.4592507498      -40.8762684732        6.0390881388
    11451.8129552129    -7052.2107711507      -25.8924110383      -29.4645827597        4.9973775518
     7302.9274012972   -10500.1972237789      -26.3287762599       -9.2599451127        3.9497349461
     2333.0080348475   -11883.6653279765      -26.8030132979       -0.2635428225        2.9003894071
    -2516.7532426112   -11234.2724773811      -27.2426957249       15.5239727484        1.8535558058
    -6477.2349839736    -8779.5896742413      -27.7094864507       16.1025312787        0.8133755284
    -8964.7146391048    -5143.2679170780      -28.1797634069       24.4725638152       -0.2160246674
    -9810.0811248043     -949.6478672794      -28.5923015752       26.6350920053       -1.2306454425
    -8833.3989859122     2889.1398287449      -29.1023269974       36.5916475214       -2.2265546259
    -6498.4405212723     5926.6226315408      -29.5814006228       44.3443023935       -3.1999476203
    -3311.6519254044     7703.2336435184      -29.9962850080       45.8956229682       -4.1471145885
      141.3393905907     7919.0311812419      -30.4914369295       47.2486963872       -5.0645088105
     3346.3138267977     6652.0101622028      -31.0274763551       44.4070848183       -5.9487124379
     5436.1618664911     4315.2991800091      -31.6381645409       46.3748355020       -6.7964919173
     6250.5483810840     1414.2742084032      -32.3310642607       34.1564322868       -7.6047468466
     5797.4686941713    -1361.6170857058      -32.9683051399       34.7568162098       -8.3705990621
     4243.1084469550    -3466.9752512022      -33.6915921063       31.1813371619       -9.0913402814
     2009.7140582702    -4423.3582710591      -34.7362121683       29.4357510117       -9.7644836336
     -208.7619564444    -4336.9628778337      -35.7124960474       31.5261838432      -10.3877268480
    -1887.8688026930    -3288.4235545672      -36.8893434660       36.4591255952      -10.9590121186
    -2717.6274476789    -1758.4112800848      -38.2636807316       33.2413951218      -11.4764884199
    -2679.0000109278     -250.0000000000      -39.8691508741       31.8801285893      -11.9385701465
    -1920.9674703251      847.9781103970      -42.0226800873       23.3827305512      -12.3438318123
     -923.9868689148     1301.8976167037      -44.4030925481       19.7568831700      -12.6911630949
      -25.4335148156     1077.8139649017      -47.8129674801       14.0104973205      -12.9796622270
      571.5580082740      589.0607299806      -50.1817820583       17.1516926848      -13.2086874282
      440.0477589860     -237.0462764840      -54.4897637662       25.1887724858      -13.3778213110
      -23.3651287070     -740.0033164644      -51.0772604086       27.1301943749      -13.4869126739
     -830.8301876846     -771.8209852162      -47.3738973575       31.9845464696      -13.5360406626
    -1482.5931273200     -237.6757984497      -44.9356198179       26.7605156108      -13.5255425763
    -1794.5258334376      697.0405353259      -42.7769862176       23.4668696102      -13.4559708111
    -1452.7881154680     1728.5529839556      -41.3918465957        9.1124178625      -13.3281384208
     -619.1451204362     2535.8685521583      -40.1322590617        2.7059948985      -13.1430758614
      696.3919406309     2795.8274713000      -39.2746363995       -8.7435746035      -12.9020498263
     1990.0065411042     2481.5201164647      -38.4152852388       -6.2274915995      -12.6065330559
     3172.4308630614     1432.0401163520      -37.6330067995      -10.7370214498      -12.2582236889
     3688.4159128882     -145.1597296457      -37.1227420737      -11.2635080670      -11.8590154540
     3511.1513860605    -1722.6131477227      -36.6206016990      -15.7984110158      -11.4110074521
     2579.4842381223    -3243.4406603839      -36.1176361001      -17.3333086416      -10.9164675138
      924.9269082731    -4186.1884846287      -35.8228855957      -16.8599494465      -10.3778562778
     -928.0694563524    -4393.4678869652      -35.4205216975      -24.3702535717       -9.7977906417
    -2819.6505458537    -3705.1958587383      -35.1058876964      -20.8563477400       -9.1790454432
    -4192.5754329520    -2218.4148615184      -34.9446187919      -30.3105734688       -8.5245313546
    -4888.0067507697     -335.3692761304      -34.6632291921      -24.7255222913       -7.8372929859
    -4747.9823535120     1788.4153198141      -34.3598778843      -22.0940422178       -7.1204877032
    -3629.0558377167     3669.3595852457      -34.2118571563      -21.4092670142       -6.3773774266
    -1849.0206561195     4888.6967794590      -34.1017350874      -18.6646177466       -5.6113101697
      378.3965941250     5327.2231467307      -33.9143867974      -10.8538377295       -4.8257109790
     2606.5494793090     4746.7117115204      -33.7938258912       -6.9709922583       -4.0240643713
     4426.5097919371     3304.6669813377      -33.6211541298       -6.0104914948       -3.2099004431
     5512.5274546265     1260.0973747103      -33.4180464524       -4.9670935284       -2.3867818257
     5479.8848852340    -1050.2020416906      -33.5341822672        3.1640745769       -1.5582864315
     4629.7594264462    -3494.0305505050      -33.1973241639        8.3875153525       -0.7279957083
     2852.6305629235    -5012.8553613651      -33.2462266759       10.7073458217        0.1005253073
      544.6846438768    -5712.1360810170      -33.2909796544       16.1273007410        0.9237300574
    -1862.0467174359    -5470.5594043369      -33.2295458263       10.6507138474        1.7381217820
    -3904.4510611714    -4243.0942346301      -33.2485293254       12.2805231084        2.5402546187
    -5360.7370774126    -2331.1322279168      -33.1295979882        6.0192641856        3.3267554587
    -5798.3954274877       59.1257457667      -33.1996531025       11.8690700189        4.0943285966
    -5302.8609739630     2409.2515219122      -33.1610847611        6.8316700620        4.8397795567
    -3851.9834817829     4285.8163331348      -33.2540958049       13.9083911564        5.5600182935
    -1731.2943727540     5481.9277991004      -33.2746894837        9.1001619487        6.2520806380
      610.4230040332     5796.9643842402      -33.1543582256       12.4075113827        6.9131258437
     2866.9017396598     5015.3170746165      -33.2323697852       10.8305808674        7.5404654881
     4649.5486030850     3445.4721624505      -33.2171641372        6.3691240244        8.1315596231
     5701.7339139869     1295.0623721127      -33.1276568772        9.0225199720        8.6840365077
     5707.2676866749    -1160.8576395787      -33.1616394287        5.7897733249        9.1956908534
     4789.6858190070    -3445.1126082529      -33.0492345796       10.6695344764        9.6645048500
     2930.1840211570    -5046.3559361066      -33.1448749489       14.6601003824       10.0886450644
      599.1761076978    -5855.1932744272      -33.0701940098       17.7594381442       10.4664795115
    -1844.6934980143    -5568.7172162892      -33.0989720860       14.9651752100       10.7965672888
    -3929.6869766540    -4237.9608800308      -33.2284387180       22.2746426047       11.0776849002
    -5297.7775944132    -2257.6668579009      -33.2596567147        9.6848659864       11.3088145468
    -5754.6049954219       86.1363945717      -33.2649779400       18.1925960999       11.4891565178
    -5147.3180900352     2498.4244621520      -33.3158713426       14.7943074946       11.6181238654
    -3583.5245511811     4344.0138076030      -33.4540106354        9.4862356748       11.6953529108
    -1527.4184943019     5496.0732711004      -33.3421086116        6.2643760207       11.7206969137
     1016.5172482920     5741.0545864494      -33.1523643600        4.1245193151       11.6942313742
     2904.3185058741     4711.5629292399      -33.6042395709        0.0622423671       11.6162466747
     4712.1504226647     3051.5795824761      -33.4808814727       -0.9270386903       11.4872536734
     5592.9782658446      749.1951797635      -33.4361624725       -1.8480777462       11.3079754391
     5402.4157459521    -1634.2716523279      -33.4342206912       -7.7057595426       11.0793462587
     4244.1522002004    -3745.0705292722      -33.4095555897       -7.5051032696       10.8025058648
     2212.5840627414    -5284.4642216625      -33.3047311835      -16.2512162269       10.4787950286
     -131.9932612712    -5726.0203040675      -33.3068964546      -14.9492977694       10.1097493032
    -2542.9537452427    -5080.1116067801      -33.3777134092      -16.6045947297        9.6970917848
    -4405.0970501894    -3485.1000760841      -33.4761571201      -18.2224277088        9.2427250948
    -5391.8180057334    -1358.0134722546      -33.5644420101      -14.8081116217        8.7487243708
    -5455.8681555881     1270.8280669671      -33.4995240632      -15.3669824068        8.2173283696
    -4377.8243349641     3380.2218744174      -33.6102895896      -20.9043527223        7.6509263072
    -2562.1298507628     4933.0215402691      -33.5667873449      -18.4255182124        7.0520545138
     -141.5155546511     5480.1186045960      -33.6875669421      -16.9357110655        6.4233768039
     2189.7775377086     5012.7948879770      -33.7061753243      -18.4401070584        5.7676812563
     4106.3879439348     3596.5637128180      -33.7244348904      -14.9437866102        5.0878594017
     5167.1506674765     1451.2089243549      -33.8715140806      -13.4517501973        4.3869089078
     5260.5846154925     -895.4751102117      -33.9215284009      -12.9688632472        3.6679016577
     4381.6619391743    -3032.5049676177      -33.9338351994      -15.4998725280        2.9339867033
     2679.3920479290    -4586.7230528564      -33.9611266658      -14.0493708598        2.1883649268
      406.5595247137    -5374.1435131167      -33.8352918692      -18.6218058238        1.4342903103
    -1889.1609976081    -4980.2074894388      -33.9374541872      -12.2214414886        0.6750385801
    -3861.0390575668    -3613.1772477619      -34.0004744781      -24.8523681264       -0.0860908103
    -5018.4984612496    -1643.2004542779      -34.0124870645      -16.5184707608       -0.8458055417
    -5190.7210893881      687.6979828571      -34.0861389026      -13.2234517137       -1.6008040163
    -4300.5500614513     2839.5722719699      -34.2243236681      -17.9707792985       -2.3478286802
    -2549.0481535600     4409.6492657955      -34.3261173394      -16.7637116371       -3.0836488735
     -405.8792048381     5065.4917171150      -34.3460354722      -13.6052711041       -3.8050934888
     1743.6945653772     4702.5007083865      -34.4601934866      -12.4982548218       -4.5090438595
     3690.2539845777     3325.1674420310      -34.5437401320      -10.4452101772       -5.1924707247
     4608.5844181433     1474.7707773021      -34.7715052404       -8.4484463221       -5.8524259511
     4771.0777108734     -741.4178208965      -34.7903014055      -10.5100174609       -6.4860744598
     3916.0917026075    -2674.2294627636      -34.9468924479       -3.6317381640       -7.0906766615
     2304.9754574982    -4030.5394931957      -35.1301442272      -10.8151602517       -7.6636366610
      276.4215145184    -4528.1731235750      -35.3316470015       -0.0615891743       -8.2024834230
    -1645.0663940309    -4098.4669180245      -35.5650968220        1.6279260229       -8.7049016052
    -3184.5459981673    -2939.0248078343      -35.7294903488       -1.7474186738       -9.1687184376
    -4058.3826136997    -1323.6327185074      -35.8601880723        1.8118265216       -9.5919393086
    -4100.9846708370      668.8666501983      -36.0944802296        7.3053530332       -9.9727332450
    -3345.6941239949     2378.2836424436      -36.2002873703       -0.2669022447      -10.3094651457
    -2011.4296832640     3475.7066135983      -36.3908907657       11.0952257522      -10.6006572542
     -313.7444361798     3865.6353175702      -36.6933289663       10.3921407432      -10.8450557095
     1331.6332365125     3529.5742135784      -36.9338639506       10.6244667749      -11.0415905386
     2632.6213846324     2501.0560381899      -37.2651382023       13.7930463852      -11.1894043696
     3470.4997268204     1131.7475292945      -37.2195170811        7.8989293330      -11.2878341105
     3540.7985900894     -463.4278194373      -37.4104713777       14.9433675021      -11.3364391544
     2921.8906972610    -1917.9893496971      -37.5969253441        9.9278032209      -11.3349816976
     1740.2524347460    -2951.7654360880      -37.7690632341       15.8538608681      -11.2834470402
      252.2316497212    -3378.0047821819      -37.8689094795       17.7233359664      -11.1820164787
    -1237.4178900324    -3037.5668127955      -38.1489397032       17.5381849511      -11.0311004668
    -2357.2298814488    -2148.8568376839      -38.3912933459       17.3005139771      -10.8313101948
    -2977.0054203325     -872.4603533277      -38.6328186518       22.0125668151      -10.5834730094
    -3266.9105302564      176.9371948204      -38.1707956876       17.6767145987      -10.2886104558
    -2246.3053385956     1752.9826587216      -39.3713236080       19.2954416507       -9.9479555825
    -1271.1884000540     2422.4529315933      -39.7248084543       19.8713352734       -9.5629299272
      -23.8335170990     2610.7149801000      -40.1307100777       17.4070705953       -9.1351547971
     1098.3612223434     2247.6255838094      -40.5017542587       21.9054033574       -8.6664175559
     1891.4063035131     1416.1215560087      -40.9977264771       19.3691502262       -8.1586993298
     2227.8364413764      384.7505213814      -41.3809575587       17.8011817529       -7.6141402809
     2059.9652034748     -552.7349551086      -41.8871280486       16.2044062187       -7.0350461190
     1431.2102926423    -1340.1227938285      -42.6180975460       21.5817611495       -6.4238645203
      649.9784215040    -1790.9578848824      -42.8671924740       12.9361962905       -5.7831912653
     -232.2214350356    -1700.2442026597      -43.7757663895       17.2706655952       -5.1157461125
     -960.0634164185    -1362.2062539427      -44.0299900637       13.5881115404       -4.4243732024
    -1398.8642045561     -695.7004986623      -44.5909032581       13.8914591360       -3.7120136319
    -1482.9702263053       82.2452657885      -45.0302751008        7.1835976814       -2.9817127333
    -1183.9011153990      685.8158452842      -45.7432834631       12.4673754329       -2.2365923201
     -677.0161636896     1101.5002442088      -46.2347981581        7.7455854335       -1.4798476693
        1.3041646824     1248.4509286776      -46.5388269553        7.0209593228       -0.7147244269
      580.4758025345     1008.2303418817      -47.1517409425        7.2961534004        0.0554835376
     1078.1555172459      595.8920038359      -46.6549553445        1.5737432294        0.8274571480
     1181.0000000000        0.0000000000      -47.0212632771        5.8562117414        1.5978536397
     1078.1562335469     -595.8903216867      -46.6549566615       -2.8540530027        2.3633482059
      580.4771063079    -1008.2290858193      -47.1517442128        1.4452271277        3.1206091067
        1.3057804386    -1248.4503062353      -46.5388312741        0.7562194511        3.8663390100
     -677.0145926082    -1101.5004077749      -46.2348027486       -5.9190283592        4.5972776145
    -1183.9000287737     -685.8163353156      -45.7432878729       -8.5785918935        5.3102223662
    -1482.9694215208      -82.2457194287      -45.0302796532       -8.2206767123        6.0020337921
    -1398.8633687869      695.7000327524      -44.5909085721      -11.8436210225        6.6696555312
     -960.0625983322     1362.2049749472      -44.0299979688       -9.4458999219        7.3101211914
     -232.2202724999     1700.2432850677      -43.7757717876      -16.0261276543        7.9205754212
      649.9794434052     1790.9561865766      -42.8671981626      -16.5830601108        8.4982754628
     1431.2106401411     1340.1203924847      -42.6181036933      -13.1155960801        9.0406112904
     2059.9644223364      552.7321803108      -41.8871340496      -15.6227776366        9.5451110228
     2227.8343403640     -384.7530613376      -41.3809638522      -17.1037911617       10.0094578570
     1891.4029572226    -1416.1231127122      -40.9977328944      -16.5579654111       10.4314927696
     1098.3571638235    -2247.6255517609      -40.5017605456       -9.9847716356       10.8092302889
      -23.8372275653    -2610.7131349745      -40.1307161033      -16.3838197989       11.1408606991
    -1271.1913140268    -2422.4492715952      -39.7248144451      -10.7548600328       11.4247692777
    -2246.3065224367    -1752.9778624037      -39.3713297581      -19.0977743411       11.6595289853
    -3266.9093904539     -176.9319894122      -38.1707994566       -8.4125771450       11.8439183311
    -2977.0022434331      872.4647015636      -38.6328237638      -17.6994083116       11.9769200295
    -2357.2250368135     2148.8596125733      -38.3912980048      -11.9585317907       12.0577333969
    -1237.4121352545     3037.5673813539      -38.1489440582      -12.1903265030       12.0857695183
      252.2373372520     3378.0028865456      -37.8689132408      -12.3952842888       12.0606622402
     1740.2568661794     2951.7606932682      -37.7690678857      -12.5740004513       11.9822629042
     2921.8931425717     1917.9834642397      -37.5969282900      -10.7271727039       11.8506533865
     3540.7984157298      463.4212594090      -37.4104738689       -8.8555877335       11.6661319248
     3470.4967808099    -1131.7536055785      -37.2195192630       -6.9601195966       11.4292246825
     2632.6160611416    -2501.0604786118      -37.2651401185       -5.0417186425       11.1406758265
     1331.6264077587    -3529.5760392482      -36.9338655678       -8.1014081909       10.8014553561
     -313.7515427995    -3865.6341347652      -36.6933303191       -1.1402719264       10.4127441164
    -2011.4357457058    -3475.7025154140      -36.3908918698       -6.1594502133        9.9759402613
    -3345.6975705224    -2378.2781011073      -36.2002882197       -4.1601277751        9.4926423582
    -4100.9855960256     -668.8592764080      -36.0944808020       -6.1435334700        8.9646668745
    -4058.3803618908     1323.6398491014      -35.8601879294       -2.1109218395        8.3940105962
    -3184.5410296373     2939.0304189011      -35.7294900396       -5.0635727726        7.7828666976
    -1645.0595453558     4098.4699660929      -35.5650962760       -2.0027795668        7.1336034818
      276.4290110569     4528.1731534570      -35.3316460698       -1.9298442455        6.4487682956
     2304.9823286400     4030.5364791151      -35.1301427407        1.1539338605        5.7310627853
     3916.0967864825     2674.2239094403      -34.9468904942        4.2472627964        4.9833457609
     4771.0802835079      741.4104546860      -34.7902988672        1.3488676723        4.2086097824
     4608.5837098991    -1474.7782494691      -34.7715023633        8.4574951519        3.4099882640
     3690.2503273443    -3325.1740305510      -34.5437371709        4.5719235679        2.5907198926
     1743.6885267127    -4702.5051906700      -34.4601898441        5.6909671874        1.7541548845
     -405.8865239169    -5065.4933939049      -34.3460316161        4.8134836569        0.9037286545
    -2549.0554704899    -4409.6478160188      -34.3261132352       10.9383793296        0.0429630404
    -4300.5560692286    -2839.5679795706      -34.2243192044        4.0646152702       -0.8245648855
    -5190.7248024824     -687.6916686506      -34.0861341722       10.1912122694       -1.6952221144
    -5018.4994080240     1643.2071352630      -34.0124821650        7.3172549030       -2.5653492058
    -3861.0369198882     3613.1840876287      -34.0004693653        7.4418978752       -3.4312497122
    -1889.1563181945     4980.2127765854      -33.9374488323       11.5643668827       -4.2892378231
      406.5658328541     5374.1464139512      -33.8352864405        6.6839643780       -5.1356280080
     2679.3988330932     4586.7231272132      -33.9611209645        6.8000703152       -5.9667650488
     4381.6680422017     3032.5023967153      -33.9338294042        6.9121473678       -6.7790239062
     5260.5890758448      895.4704379024      -33.9215225199        7.0197390278       -7.5688420078
     5167.1528517735    -1451.2148057386      -33.8715081037        5.1224743126       -8.3327190020
     4106.3882951140    -3596.5700934781      -33.7244277807        5.2200647150       -9.0672446416
     2189.7749113811    -5012.8003045786      -33.7061691121        4.3123107748       -9.7690937799
     -141.5199620489    -5480.1224675590      -33.6875606432        9.3990935957      -10.4350641305
    -2562.1352997593    -4933.0233201234      -33.5667809522        0.4803807922      -11.0620707957
    -4377.8299425189    -3380.2214473049      -33.6102830293        5.5562200345      -11.6471720447
    -5455.8730419829    -1270.8254743844      -33.4995175963        3.6267434665      -12.1875685241
    -5391.8213283810     1358.0176142926      -33.5644353965        2.6921578910      -12.6806307301
    -4405.0984762651     3485.1050733100      -33.4761505962        3.7527486290      -13.1238974931
    -2542.9534395956     5080.1153511741      -33.3777084991        4.8088674204      -13.5150990085
     -131.9907942279     5726.0245680635      -33.3068900761        4.8609481488      -13.8521479876
     2212.5878905847     5284.4671617348      -33.3047248304        2.9094760596      -14.1331734196
     4244.1566807021     3745.0717372411      -33.4095492078        5.9550028688      -14.3565107459
     5402.4202412929     1634.2710087188      -33.4342143564       -4.0018676997      -14.5207205736
     5592.9820138815     -749.1973951698      -33.4361563017        4.0395231823      -14.6245855885
     4712.1529402533    -3051.5828757019      -33.4808754336        0.0798742192      -14.6671283628
     2904.3195983404    -4711.5667378363      -33.6042335833        2.1199266340      -14.6476070728
     1016.5177053138    -5741.0589890671      -33.1523577829       -1.8395496335      -14.5655280547
    -1527.4202243061    -5496.0765991959      -33.3421030237        2.2022492477      -14.4206384283
    -3583.5272589216    -4344.0162615716      -33.4540050579       -1.7538596763      -14.2129419786
    -5147.3214573834    -2498.4257429150      -33.3158658948       -2.7070413193      -13.9426903558
    -5754.6085086239      -86.1363934667      -33.2649726384       -7.6564569520      -13.6103902491
    -5297.7808307205     2257.6681336549      -33.2596514698        1.3987373211      -13.2167966989
    -3929.6894960779     4237.9632443326      -33.2284335380       -9.5406257841      -12.7629188560
    -1844.6949512595     5568.7203147292      -33.0989670544       -2.4737234379      -12.2500118720
      599.1754248067     5855.1966139233      -33.0701892098       -1.3997571207      -11.6795786232
     2930.1850417776     5046.3591174699      -33.1448700910       -7.3179470633      -11.0533580861
     4789.6879399761     3445.1151683176      -33.0492298440       -3.2275546088      -10.3733294965
     5707.2705532925     1160.8592621948      -33.1616347570       -5.1278766471       -9.6416991629
     5701.7371832161    -1295.0619822269      -33.1276522695       -0.0182586113       -8.8608971495
     4649.5517710153    -3445.4729746779      -33.2171595911       -3.8980944348       -8.0335662235
     2866.9043729172    -5015.3189936973      -33.2323653153        3.2331608167       -7.1625564202
      610.4247009783    -5796.9671307139      -33.1543538907       -7.6240089610       -6.2509126300
    -1731.2927789968    -5481.9317140727      -33.2746845684       -1.4691905747       -5.3018662752
    -3851.9841223045    -4285.8195256622      -33.2540915805       -1.3020407742       -4.3188213627
    -5302.8627691016    -2409.2542133697      -33.1610806636       -5.1222974736       -3.3053457594
    -5798.3981276774      -59.1275979902      -33.1996490298       -6.9297787193       -2.2651559947
    -5360.7402992884     2331.1315220681      -33.1295940162       -2.7243892184       -1.2021055605
    -3904.4543348662     4243.0948687407      -33.2485252833       -2.5061213163       -0.1201694015
    -1862.0494634611     5470.5612963869      -33.2295418041       -6.2750600130        0.9765686848
      544.6828601402     5712.1388834792      -33.2909756877       -5.0313836233        2.0839325802
     2852.6301609079     5012.8585271974      -33.2462228317       -6.7753660966        3.1976673431
     4629.7602888021     3494.0336721983      -33.1973203171       -2.5073786524        4.3134586435
     5479.8868080992     1050.2045573116      -33.5341785902       -4.2278897466        5.4269439064
     5512.5301476979    -1260.0959238782      -33.4180429164       -2.9374660035        6.5337324378
     4426.5127862873    -3304.6667603936      -33.6211505648       -0.6367707094        7.6294196143
     2606.5521921898    -4746.7126092496      -33.7938225347       -0.3265650297        8.7096062295
      378.3986352956    -5327.2249084337      -33.9143837042       -1.0077036990        9.7699119636
    -1849.0194612206    -4888.6990508619      -34.1017322593        1.3188642681       10.8059952056
    -3629.0546591375    -3669.3628727899      -34.2118546172       -3.3478986289       11.8135664003
    -4747.9830115841    -1788.4175291257      -34.3598754968       -0.0091208359       12.7884103927
    -4888.0080731106      335.3675277464      -34.6632270655        4.3339891484       13.7263954562
    -4192.5772301651     2218.4137367657      -34.9446168463        0.6801409426       14.6234957124
    -2819.6525085680     3705.1954493679      -35.1058860868        2.0279715727       15.4758020842
     -928.0713312622     4393.4681929507      -35.4205203688        2.3760450091       16.2795442003
      924.9253605302     4186.1894073061      -35.8228844469        2.7228646088       17.0310977249
     2579.4831762512     3243.4419227929      -36.1176354146        2.0668732272       17.7270060929
     3511.1507228454     1722.6147810054      -36.6206014237        5.4064661469       18.3639863181
     3688.4158385780      145.1611135006      -37.1227421204        1.7399868670       18.9389579286
     3172.4310797938    -1432.0388863646      -37.6330075694        6.0657489997       19.4490354646
     1990.0069537730    -2481.5189775478      -38.4152869600        3.3820326653       19.8915566809
      696.3925974855    -2795.8264192125      -39.2746389985        4.6870992932       20.2640833859
     -619.1441947347    -2535.8675173570      -40.1322631373        2.9791929503       20.5644241308
    -1452.7867803318    -1728.5521084091      -41.3918524784        5.2565568889       20.7906294853
    -1794.5240301342     -697.0399780215      -42.7769947121       11.5174353877       20.9410139441
    -1482.5900513774      237.6750691642      -44.9356380549        8.7600886796       21.0141509040
     -830.8278250926      771.8197107470      -47.3739172594        7.9827934451       21.0089002906
      -23.3632751408      740.0009333554      -51.0772890391       12.1838623922       20.9243885432
      440.0485018505      237.0429904062      -54.4897794826        8.3616451450       20.7600350676
      571.5570916476     -589.0643826579      -50.1817610712        5.5145425997       20.5155406725
      -25.4360513308    -1077.8168520218      -47.8129437443       10.6410109366       20.1909090288
     -923.9905181774    -1301.8991637755      -44.4030741927       -2.2604237232       19.7864266888
    -1920.9715181238     -847.9779302110      -42.0226650705        8.8088390358       19.3026833030
    -2678.9999890722      250.0000000000      -39.8691509444        6.8474862582       18.7405456519
    -2717.6299306474     1758.4146117002      -38.2636702811        4.8542949955       18.1012131206
    -1887.8696383564     3288.4276149328      -36.8893344467        3.8281472627       17.3861372747
     -208.7610164284     4336.9668821860      -35.7124881366        5.7680331308       16.5970755367
     2009.7166073642     4423.3613447127      -34.7362052804       10.6730600030       15.7360588864
     4243.1118237101     3466.9769415453      -33.6915862658        6.5424598722       14.8054101546
     5797.4722870646     1361.6173812034      -32.9682999399        8.3755955961       13.8077092878
     6250.5517309677    -1414.2752062532      -32.3310595339        8.1719682665       12.7458101857
     5436.1658040608    -4315.3011384446      -31.6381591576        6.9312208190       11.6228090456
     3346.3155891478    -6652.0129656293      -31.0274725100        1.6531484429       10.4420691280
      141.3401009762    -7919.0344500293      -30.4914333314        7.3376964865        9.2071670902
    -3311.6524619209    -7703.2370676943      -29.9962815298        0.9849706975        7.9219162398
    -6498.4423062737    -5926.6257534926      -29.5813972427        1.5952353654        6.5903300958
    -8833.4019028959    -2889.1420959728      -29.1023237476        1.1689239269        5.2166359927
    -9810.0848489722      949.6468730332      -28.5922983928        3.7066316010        3.8052299050
    -8964.7185848075     5143.2684660734      -28.1797603011       -0.7908741179        2.3606886693
    -6477.2391740782     8779.5911970826      -27.7094834947        3.6773365145        0.8877278108
    -2516.7556386413    11234.2759491343      -27.2426927738       -2.8876237311       -0.6087696894
     2333.0072328113    11883.6695584873      -26.8030104313       -1.4844870438       -2.1238280279
     7302.9284066331    10500.2014928322      -26.3287734899        2.8881896317       -3.6523510104
    11451.8157140755     7052.2142861731      -25.8924083308       -1.7679918891       -5.1891660171
    13995.6191949243     1992.8209110284      -25.4592481314       -0.4512574755       -6.7290159014
    14334.6731615662    -3913.5168669157      -25.0263006540       -3.1596841838       -8.2666073371
    12295.6994665511    -9850.2138483842      -24.5180520674       -0.8911869678       -9.7966037529
     7793.8100997126   -14608.6699629277      -24.0862723694       -2.6435415857      -11.3136667437
     1436.1195115602   -17357.7777798900      -23.6467512474        1.5856372997      -12.8124428411
    -5876.8284514079   -17484.0937902325      -23.1485269023       -6.2011458628      -14.2876221648
   -13080.4807697070   -14591.2711861149      -22.6229018018       -2.0012460816      -15.7339258722
   -18895.8615694414    -8710.4391834407      -22.1021312104       -8.8119068488      -17.1461457238
   -22147.0641958526     -463.0890282583      -21.5580395466       -5.6302444648      -18.5191413822
   -21827.1543656116     9063.7739681455      -20.9954333324       -5.4532864920      -19.8478833498
   -17350.6920848377    18233.8746786858      -20.4486531200       -9.2779563834      -21.1274507564
    -8882.6196199320    25294.9196180302      -19.9005799972       -8.1011132305      -22.3530694071
     2464.6725226724    28371.4985307648      -19.3759641182       -6.9195073178      -23.5200944070
    14769.8421271556    26374.5346024138      -18.8579193073      -10.7298663511      -24.6240732521
    25780.6747457935    18901.5396220553      -18.3721288303      -11.5288516097      -25.6607281227
    32920.6083869688     6901.9124234902      -17.9300885391       -6.3131017334      -26.6259888582
    34576.1639111560    -7669.1036299052      -17.4821560794      -18.0792160141      -27.5159945800
    29838.5161888353   -22386.3153840054      -17.0314785454       -9.8238029040      -28.3271233776
    18911.3027880411   -34340.4155168854      -16.5998008537      -14.5434635147      -29.0559937780
     3289.1668153156   -41072.6574097233      -16.1674424796      -14.2348338211      -29.6994872456
   -14572.3908357588   -40809.0559008649      -15.7299214116      -12.8945574528      -30.2547486116
   -31635.7305730987   -32851.5737037774      -15.2855332052      -15.5193520578      -30.7192111342
   -44595.8720493634   -17847.3614077739      -14.8351827108      -13.1059822272      -31.0905962580
   -50625.0787025413     2213.5967634726      -14.3706516448      -15.6513026999      -31.3669285537
   -47667.9809869695    24195.4770507390      -13.9061594384      -14.1522417220      -31.5465397241
   -35150.9529818180    44175.6621347210      -13.4323334593      -12.6058519232      -31.6280799047
   -14114.4612878805    57779.3592708934      -12.9790851263      -18.0092936635      -31.6105209077
    12125.3188257013    61500.9457858083      -12.5230102173      -17.3598798074      -31.4931619313
    38850.5278964771    53103.4177450758      -12.1020478064      -11.6550394737      -31.2756347495
    60270.3764802113    33216.4173824811      -11.7122830699      -13.8923968800      -30.9579040524
    71729.3884054681     4779.4012840322      -11.3330800145      -17.0697347999      -30.5402712466
    69778.3843090724   -27313.8482964503      -10.9727100810      -13.1850367535      -30.0233720623
    53576.7291101805   -56382.8053408496      -10.6490760098      -14.2364712625      -29.4081804238
    25508.8534442638   -76386.9424722453      -10.3467150428      -18.2224363433      -28.6960003422
    -9456.3227685959   -82794.3685217798      -10.0499580359      -15.1415434521      -27.8884685652
   -44827.5852539498   -73308.1709779250       -9.7835794229      -18.9926522745      -26.9875436398
   -73720.6337508289   -49056.4059310651       -9.5224011326      -13.7748473968      -25.9955116825
   -90006.4322346076   -14067.2016925118       -9.2759805543      -12.4874889665      -24.9149652495
   -90071.1179385444    25555.0707552366       -9.0383119992      -15.1301887492      -23.7488076164
   -73122.8721262745    62412.4614410612       -8.8084748202      -16.7028390917      -22.5002349209
   -41647.0568845395    89442.6868447674       -8.5831374154      -15.2055983765      -21.1727372339
     -835.8353355560   101309.3700224367       -8.3529733291      -12.6389214527      -19.7700745825
    42246.5052955175    95066.0290451326       -8.1230586856      -14.0035444695      -18.2962765819
    79950.9566301070    71078.1116067801       -7.8803865691       -7.3005103098      -16.7556156951
   105108.8999221264    32592.7383609103       -7.6347597515      -11.5311316319      -15.1526217827
   112556.5114229585   -14253.7039008437       -7.3697549188       -6.6970470728      -13.4920289761
    99632.4613073659   -61851.4898972520       -7.0825286480      -11.8001829969      -11.7787889607
    66349.9520293888  -101221.7899172273       -6.8084284365       -5.8427713249      -10.0180401701
    17740.9077309843  -123093.2610536743       -6.5722872159       -5.8273358084       -8.2151037552
   -37055.2906296584  -121926.3800214157       -6.3606318502       -3.7567038421       -6.3754511959
   -87221.5584438401   -96850.7534348066       -6.1649234036       -7.6339918585       -4.5046989001
  -122644.5623677100   -51627.1695115621       -5.9847982813       -4.4626096439       -2.6085784177
  -135453.9839719565     5622.0264535519       -5.8229505429       -4.2462442339       -0.6929331041
  -121992.3072653447    63911.4040864701       -5.6863227338       -2.9888658723        1.2363207171
   -84076.4126810879   111378.6801954261       -5.5716976256        2.3052892426        3.1731982479
   -28777.9899191340   137935.2093858077       -5.4877165923       -3.3682774988        5.1116759757
    32963.6145767112   138000.5366910739       -5.4276621035        4.9856868727        7.0457022296
    89016.9936545444   111338.7413007562       -5.3869514253        2.3621936955        8.9692282504
   128069.7652019613    63218.6243138366       -5.3702875836        4.7560276948       10.8762197721
   142696.7513458065     3183.8134157727       -5.3758180686        6.1617583969       12.7606844781
   130695.6241334491   -57000.7174749186       -5.3847960221        5.5737549369       14.6166823235
    94836.7076130555  -106517.0992780653       -5.3827744726        8.9862002544       16.4383579255
    41417.8074030079  -136520.2281759963       -5.3799326332       11.3931071784       18.2199513105
   -19886.8526018038  -141053.3181582180       -5.3931142543        9.7883356557       19.9558213496
   -77031.3400994466  -119366.1163711799       -5.4165983173       11.1656086574       21.6404629710
  -119422.6466928327   -75524.8075308231       -5.4634016576       17.5185325270       23.2685272110
  -139198.7482428334   -18437.4651744386       -5.5180221116        7.8406139143       24.8348388835
  -133249.4754336185    41128.4336366643       -5.5777416181       19.1252815439       26.3344126279
  -103157.4519054535    92184.2772559721       -5.6469778452       18.3659028962       27.7624744617
   -54919.1830196973   125807.0754208216       -5.7146370074       18.5558093908       29.1144713833
     2255.2853809552   136216.9720061506       -5.7804464642       19.6883140438       30.3860928140
    58435.2472421411   122069.1186756679       -5.8380620913       22.7567353303       31.5732793707
   103365.1689468278    85776.9131344673       -5.9034055434       17.7544169335       32.6722453449
   128893.9359539570    34174.3708544455       -5.9665688990       26.6747522978       33.6794804915
   130032.3825953834   -22952.8612135962       -6.0519783530       18.5112052547       34.5917722632
   106959.6773591792   -74904.2277166406       -6.1487586329       26.2573332348       35.4062025744
    64248.2722863461  -111799.8927683487       -6.2581075000       23.9068100091       36.1201872782
    10488.6791196725  -126428.3736822011       -6.3995818451       20.4534477077       36.7314449008
   -43527.2959622408  -116426.6341520714       -6.5770363688       25.8912199306       37.2380348311
   -86913.1588342224   -85044.4907179494       -6.7676183439       25.2142823402       37.6383456219
  -111895.4958054985   -39051.0708482364       -6.9908619427       24.4169980619       37.9311198276
  -114599.5136785573    11753.9893783191       -7.2371577167       27.4939545883       38.1154347584
   -96393.1999209740    57321.1679015362       -7.4703644876       25.4399897755       38.1907263463
   -61284.6908104288    90750.5129772930       -7.6775373629       24.2502062024       38.1567702882
   -15916.7700328462   105091.9024084792       -7.9363794829       27.9200031696       38.0137148103
    29615.2586386952    98141.0611899576       -8.2507582972       19.4450805544       37.7620393415
    66374.9159956860    73729.9031360531       -8.5355476089       25.8214709781       37.4025858082
    88984.6668872466    36600.3097943782       -8.8011581335       21.0455465575       36.9365319102
    92803.2890183364    -5911.4180369396       -9.0974080973       25.1140511994       36.3654141775
    77412.3137902579   -44928.9931456690       -9.4292417130       20.0240980622       35.6910904564
    46533.4619566742   -71782.5596228933       -9.8222784567       18.7732020862       34.9157613473
     7819.1689682470   -80810.8658918212      -10.2763953087       16.3592734611       34.0419339341
   -29004.2636722968   -70332.9919722934      -10.8409932095       14.7806698357       33.0724617009
   -54685.9336036129   -44258.6893642275      -11.5207506782       14.0361565033       32.0104713625
   -62689.9964436248   -10926.2779640177      -12.3923338478        7.1249579663       30.8594008311
   -53206.7312777747    18378.3930660043      -13.4574204072       13.0467402100       29.6229581310
   -32704.8630991885    37097.1705198123      -14.5820373850        5.8016501816       28.3051378235
    -7831.1077005952    41785.3976924469      -15.8958489081        8.3902848274       26.9101733885
    14067.3766156843    32511.0835974006      -17.4803027890        1.8137304244       25.4425515510
    22151.9480889840    12434.0500916140      -20.3685476266        2.0735324311       23.9069712307
    17438.8887965841     -141.5716092804      -23.6355988535       -4.8282477324       22.3083637398
     8529.6783572301    -8741.4113415080      -26.7295137282       -2.8891003690       20.6518309950
    -3218.5899112164    -7103.1565374602      -30.6262145473       -7.1060114267       18.9426635872
    -7356.2004645624     3608.5613394686      -30.1967454071      -13.4755056973       17.1862996224
     -251.1178568003     8230.5684215177      -30.1536237404      -18.9936010915       15.3883296550
     4917.4089760063     8169.1957638379      -28.8798260026      -18.6558718386       13.5544511307
     9145.9985822306     4947.7932448351      -28.1268012856      -22.4574032575       11.6904709613
