   496.00000000000000     
   501.00000000000000     
   494.00000000000000     
   502.00000000000000     
   495.00000000000000     
   498.00000000000000     
   498.00000000000000     
   498.00000000000000     
   499.00000000000000     
   499.00000000000000     
   500.00000000000000     
   499.00000000000000     
   497.00000000000000     
   494.00000000000000     
   503.00000000000000     
   494.00000000000000     
   498.00000000000000     
   495.00000000000000     
   499.00000000000000     
   484.00000000000000     
   462.00000000000000     
   454.00000000000000     
   455.00000000000000     
   524.00000000000000     
   514.00000000000000     
   437.00000000000000     
   320.00000000000000     
   173.00000000000000     
   186.00000000000000     
   1715.0000000000000     
   5124.0000000000000     
   11796.000000000000     
   20984.000000000000     
   25283.000000000000     
   12664.000000000000     
  -5693.0000000000000     
  -22710.000000000000     
  -31965.000000000000     
  -22690.000000000000     
  -12051.000000000000     
  -2384.0000000000000     
   2676.0000000000000     
   4338.0000000000000     
   3710.0000000000000     
   2133.0000000000000     
   1849.0000000000000     
   2152.0000000000000     
   2188.0000000000000     
   2020.0000000000000     
   2171.0000000000000     
   2570.0000000000000     
   2817.0000000000000     
   2767.0000000000000     
   2631.0000000000000     
   2332.0000000000000     
   1940.0000000000000     
   1484.0000000000000     
   1330.0000000000000     
   1408.0000000000000     
   1633.0000000000000     
   1749.0000000000000     
   1707.0000000000000     
   1499.0000000000000     
   1158.0000000000000     
   934.00000000000000     
   846.00000000000000     
   839.00000000000000     
   829.00000000000000     
   752.00000000000000     
   625.00000000000000     
   547.00000000000000     
   481.00000000000000     
   426.00000000000000     
   374.00000000000000     
   340.00000000000000     
   352.00000000000000     
   389.00000000000000     
   430.00000000000000     
   447.00000000000000     
   451.00000000000000     
   441.00000000000000     
   433.00000000000000     
   425.00000000000000     
   423.00000000000000     
   420.00000000000000     
   414.00000000000000     
   396.00000000000000     
   389.00000000000000     
   387.00000000000000     
   395.00000000000000     
   413.00000000000000     
   438.00000000000000     
   457.00000000000000     
   457.00000000000000     
   443.00000000000000     
   425.00000000000000     
   403.00000000000000     
   395.00000000000000     
   398.00000000000000     
   399.00000000000000     
   421.00000000000000     
   423.00000000000000     
   434.00000000000000     
   434.00000000000000     
   425.00000000000000     
   411.00000000000000     
   410.00000000000000     
   416.00000000000000     
   425.00000000000000     
   443.00000000000000     
   450.00000000000000     
   464.00000000000000     
   463.00000000000000     
   470.00000000000000     
   471.00000000000000     
   480.00000000000000     
   487.00000000000000     
   488.00000000000000     
   489.00000000000000     
   486.00000000000000     
   488.00000000000000     
   476.00000000000000     
   477.00000000000000     
   474.00000000000000     
   473.00000000000000     
   476.00000000000000     
   482.00000000000000     
   480.00000000000000     
   480.00000000000000     
   473.00000000000000     
   471.00000000000000     
   467.00000000000000     
   472.00000000000000     
   482.00000000000000     
   486.00000000000000     
   493.00000000000000     
   490.00000000000000     
   489.00000000000000     
   477.00000000000000     
   473.00000000000000     
   464.00000000000000     
   469.00000000000000     
   467.00000000000000     
   469.00000000000000     
   467.00000000000000     
   468.00000000000000     
   471.00000000000000     
   466.00000000000000     
   472.00000000000000     
   465.00000000000000     
   473.00000000000000     
   478.00000000000000     
   481.00000000000000     
   486.00000000000000     
   496.00000000000000     
   502.00000000000000     
   505.00000000000000     
   508.00000000000000     
   518.00000000000000     
   525.00000000000000     
   529.00000000000000     
   536.00000000000000     
   532.00000000000000     
   535.00000000000000     
   530.00000000000000     
   537.00000000000000     
   533.00000000000000     
   541.00000000000000     
   537.00000000000000     
   541.00000000000000     
   540.00000000000000     
   536.00000000000000     
   539.00000000000000     
   536.00000000000000     
   541.00000000000000     
   545.00000000000000     
   548.00000000000000     
   545.00000000000000     
   552.00000000000000     
   539.00000000000000     
   547.00000000000000     
   543.00000000000000     
   537.00000000000000     
   533.00000000000000     
   530.00000000000000     
   525.00000000000000     
   523.00000000000000     
   521.00000000000000     
   514.00000000000000     
   513.00000000000000     
   503.00000000000000     
   503.00000000000000     
   500.00000000000000     
   497.00000000000000     
   499.00000000000000     
   497.00000000000000     
   490.00000000000000     
   491.00000000000000     
   491.00000000000000     
   488.00000000000000     
   490.00000000000000     
   490.00000000000000     
   489.00000000000000     
   485.00000000000000     
   485.00000000000000     
   479.00000000000000     
   484.00000000000000     
   470.00000000000000     
   477.00000000000000     
   479.00000000000000     
   473.00000000000000     
   473.00000000000000     
   475.00000000000000     
   475.00000000000000     
   476.00000000000000     
   477.00000000000000     
   474.00000000000000     
   480.00000000000000     
   472.00000000000000     
   482.00000000000000     
   483.00000000000000     
   479.00000000000000     
   482.00000000000000     
   487.00000000000000     
   479.00000000000000     
   490.00000000000000     
   489.00000000000000     
   489.00000000000000     
   492.00000000000000     
   486.00000000000000     
   493.00000000000000     
   488.00000000000000     
   494.00000000000000     
   496.00000000000000     
   496.00000000000000     
   496.00000000000000     
   501.00000000000000     
   497.00000000000000     
   499.00000000000000     
   500.00000000000000     
   498.00000000000000     
   503.00000000000000     
   501.00000000000000     
   500.00000000000000     
   499.00000000000000     
   505.00000000000000     
   497.00000000000000     
   502.00000000000000     
   499.00000000000000     
   500.00000000000000     
   494.00000000000000     
   500.00000000000000     
   496.00000000000000     
   496.00000000000000     
   497.00000000000000     
   492.00000000000000     
   497.00000000000000     
   489.00000000000000     
   494.00000000000000     
   494.00000000000000     
   488.00000000000000     
   486.00000000000000     
   487.00000000000000     
   484.00000000000000     
   487.00000000000000     
   481.00000000000000     
   481.00000000000000     
   485.00000000000000     
   483.00000000000000     
   482.00000000000000     
   483.00000000000000     
   490.00000000000000     
   484.00000000000000     
   490.00000000000000     
   482.00000000000000     
   493.00000000000000     
   484.00000000000000     
   490.00000000000000     
   490.00000000000000     
   490.00000000000000     
   490.00000000000000     
   492.00000000000000     
   494.00000000000000     
   496.00000000000000     
   498.00000000000000     
   495.00000000000000     
   502.00000000000000     
   497.00000000000000     
   499.00000000000000     
   497.00000000000000     
   501.00000000000000     
   498.00000000000000     
   501.00000000000000     
   501.00000000000000     
   504.00000000000000     
   507.00000000000000     
   504.00000000000000     
   511.00000000000000     
   507.00000000000000     
   508.00000000000000     
   507.00000000000000     
   513.00000000000000     
   506.00000000000000     
   512.00000000000000     
   509.00000000000000     
   509.00000000000000     
   513.00000000000000     
   508.00000000000000     
   508.00000000000000     
   508.00000000000000     
   508.00000000000000     
   506.00000000000000     
   506.00000000000000     
   505.00000000000000     
   510.00000000000000     
   501.00000000000000     
   506.00000000000000     
   504.00000000000000     
   503.00000000000000     
   504.00000000000000     
   505.00000000000000     
   505.00000000000000     
   503.00000000000000     
   506.00000000000000     
   496.00000000000000     
   504.00000000000000     
   500.00000000000000     
   502.00000000000000     
   498.00000000000000     
   502.00000000000000     
   498.00000000000000     
   497.00000000000000     
   492.00000000000000     
   501.00000000000000     
   490.00000000000000     
   497.00000000000000     
   498.00000000000000     
   492.00000000000000     
   496.00000000000000     
   494.00000000000000     
   499.00000000000000     
   495.00000000000000     
   502.00000000000000     
   491.00000000000000     
   497.00000000000000     
   497.00000000000000     
   493.00000000000000     
   491.00000000000000     
   495.00000000000000     
   495.00000000000000     
   491.00000000000000     
   492.00000000000000     
   490.00000000000000     
   494.00000000000000     
   492.00000000000000     
   493.00000000000000     
   495.00000000000000     
   495.00000000000000     
   494.00000000000000     
   496.00000000000000     
   491.00000000000000     
   494.00000000000000     
   498.00000000000000     
   494.00000000000000     
   495.00000000000000     
   495.00000000000000     
   495.00000000000000     
   494.00000000000000     
   497.00000000000000     
   493.00000000000000     
   497.00000000000000     
   494.00000000000000     
   495.00000000000000     
   493.00000000000000     
   495.00000000000000     
   501.00000000000000     
   498.00000000000000     
   497.00000000000000     
   501.00000000000000     
   497.00000000000000     
   494.00000000000000     
   499.00000000000000     
   486.00000000000000     
   497.00000000000000     
   495.00000000000000     
   493.00000000000000     
   492.00000000000000     
   494.00000000000000     
   499.00000000000000     
   495.00000000000000     
   497.00000000000000     
   497.00000000000000     
   496.00000000000000     
   491.00000000000000     
   497.00000000000000     
   491.00000000000000     
   492.00000000000000     
   492.00000000000000     
   495.00000000000000     
   491.00000000000000     
   496.00000000000000     
   490.00000000000000     
   492.00000000000000     
   497.00000000000000     
   493.00000000000000     
   495.00000000000000     
   493.00000000000000     
   496.00000000000000     
   495.00000000000000     
   500.00000000000000     
   493.00000000000000     
   498.00000000000000     
   492.00000000000000     
   496.00000000000000     
   497.00000000000000     
   494.00000000000000     
   496.00000000000000     
   498.00000000000000     
   495.00000000000000     
   495.00000000000000     
   501.00000000000000     
   490.00000000000000     
   499.00000000000000     
   495.00000000000000     
   496.00000000000000     
   498.00000000000000     
   496.00000000000000     
   499.00000000000000     
   497.00000000000000     
   499.00000000000000     
   501.00000000000000     
   496.00000000000000     
   497.00000000000000     
   503.00000000000000     
   501.00000000000000     
   498.00000000000000     
   502.00000000000000     
   501.00000000000000     
   497.00000000000000     
   500.00000000000000     
   496.00000000000000     
   501.00000000000000     
   502.00000000000000     
   499.00000000000000     
   497.00000000000000     
   498.00000000000000     
   500.00000000000000     
   498.00000000000000     
   504.00000000000000     
   499.00000000000000     
   503.00000000000000     
   497.00000000000000     
   502.00000000000000     
   501.00000000000000     
   502.00000000000000     
   497.00000000000000     
   499.00000000000000     
   498.00000000000000     
   498.00000000000000     
   502.00000000000000     
   495.00000000000000     
   502.00000000000000     
   498.00000000000000     
   499.00000000000000     
   499.00000000000000     
   497.00000000000000     
   499.00000000000000     
   500.00000000000000     
   497.00000000000000     
   497.00000000000000     
   502.00000000000000     
   491.00000000000000     
   501.00000000000000     
   499.00000000000000     
   498.00000000000000     
   498.00000000000000     
   500.00000000000000     
   494.00000000000000     
   502.00000000000000     
   493.00000000000000     
   500.00000000000000     
   497.00000000000000     
   493.00000000000000     
   498.00000000000000     
   497.00000000000000     
   496.00000000000000     
   499.00000000000000     
   497.00000000000000     
   496.00000000000000     
   500.00000000000000     
   492.00000000000000     
   499.00000000000000     
   495.00000000000000     
   500.00000000000000     
   496.00000000000000     
   496.00000000000000     
   495.00000000000000     
   495.00000000000000     
   496.00000000000000     
   491.00000000000000     
   499.00000000000000     
   494.00000000000000     
   499.00000000000000     
   495.00000000000000     
   498.00000000000000     
   494.00000000000000     
   499.00000000000000     
   498.00000000000000     
   495.00000000000000     
   493.00000000000000     
   497.00000000000000     
   497.00000000000000     
